nm0 nm1 nm2
n1m n1m1

0 فارغ
1 ابيض
2 اخضر 
3 اصفر 
4 احمر 
5 مربع بنفسجي 


0 0 2 0 0
0 0 2 0 0
11 2 3 2 2
0 0 2 0 0
0 0 11 0 0

//
0 2 3 0 2 2 0
3 3 3 12 3 3 2
2 3 3 0 3 3 2
0 0 3 4 3 0 0

4 3 3
4 12 3
3 4 3

14 4
3 3
4 4
3 3

0 3 0 0 0
0 4 2 3 2
3 4 13 3 0
0 0 4 3 0
3 4 4 2 0

12 1
2 1

12 0 0
3 0 0
2 0 0

3 4 12 2 3
3 3 3 3 3


0 2 3 0 2 2 0
3 3 3 12 3 3 2
2 3 3 0 3 3 2
0 0 3 4 3 0 0









DFS 10
BFS 18
UCS 5
HILL 18 
A 5
AADFS 11
